11,0622647 -6,304033568
20,3425524 -4,829963152
11,8385578 -8,328602576
11,2318025 -6,468877072
11,3236014 -5,175158912
11,7634203 -7,97469344
12,1718477 -6,258047376
11,2174176 -7,038272416
11,4873668 -6,471949456
11,7732508 -5,4513312
20,7473625 -4,678470944
12,0842552 -4,723355056
10,721067 -5,13084432
11,5252123 -5,861209872
21,0477485 -3,48545456
21,4257277 -3,812066048
11,5487421 -5,922963424
12,0544816 -4,8430564
11,1857722 -5,015584448
10,7832758 -4,352573232
21,4335421 -4,122071072
12,0283005 -4,309170992
20,7155362 -3,615956624
21,2638153 -3,722288864
10,2372412 -5,848064096
10,6613824 -8,763119904
11,5242015 -5,320027104
20,4047087 -3,198070624
20,4783003 -6,198830736
20,812028 -3,667801424
21,2351713 -4,517221632
11,7807084 -4,004228704
11,6840582 -7,3766728
11,2712106 -4,285261568
20,2272757 -1,719269888
12,0466624 -4,796158528
11,5162862 -8,0401664
20,8785812 -4,194148
10,8732523 -4,308644144
21,2723648 -3,105286912
12,1251137 -5,176994032
11,6022846 -7,414684816
10,2451122 -7,082675936
10,844234 -5,772729536
20,2454203 -2,756884256
21,0246203 -4,828333888
10,8422145 -7,297666544
21,2852671 -2,625137312
20,8473725 -1,729428288
11,8661027 -3,655302784
20,8027785 -3,970972656
20,2022635 -5,192568976
20,3618237 -3,385236736
11,1072034 -5,299857136
11,7741202 -6,388355456
11,5752322 -7,49127456
21,6050441 -2,468208736
20,3228272 -3,385236624
11,113557 -7,197608992
21,0823341 -3,604721568
20,8538382 -3,976342944
20,6447004 -2,329604928
11,4278234 -5,793295984
20,7757284 -4,649346688
11,6208277 -3,754827776
10,7806806 -3,723176352
20,2771425 -3,924219264
10,713025 -5,019139104
11,7246714 -6,129614512
10,8518471 -7,203148624
22,0532455 -4,294531696
11,7212236 -7,318846304
10,8874283 -4,168775296
21,3826808 -3,83969936
12,0072272 -6,542063024
11,6576322 -4,303461344
12,022222 -4,823881776
20,8151513 -1,210581344
21,3613225 -2,488878112
20,7676854 -6,105379168
11,5730226 -4,820063136
20,8203814 -4,283356784
11,1806616 -5,41601032
20,7530061 -4,294335808
12,2228426 -5,774209504
11,7104226 -4,597601792
11,7232877 -5,893800976
11,6105422 -5,07642856
11,0135254 -6,745884432
11,6044212 -6,856888864
11,8671678 -6,757366784
11,7612837 -4,784127376
21,1208055 -1,81475336
20,5344313 -1,3619704
11,4523617 -4,643367792
20,0725431 -4,567061072
11,1046462 -5,963131552
11,021226 -4,721976896
20,5238863 -4,619389936
11,2820237 -8,050370496
21,5144232 -5,068597184
11,6372467 -6,117703536
12,8200515 -2,805885936
11,6268571 -7,057213296
20,4320538 -4,303180224
11,2527046 -6,970526864
11,8525234 -6,995920064
12,1702084 -5,097636768
21,1231435 -4,88531344
20,7472123 -6,076613088
11,3383708 -5,451518576
10,8632452 -4,637183264
20,5880357 -4,506114592
21,5330426 -1,943486048
20,4540162 -4,33578544
20,7055251 -3,601659936
11,1223827 -6,523283872
21,3225884 -4,07328768
11,3662315 -7,412358352
12,4408075 -6,243388816
21,5208186 -3,720983616
11,5022676 -6,748197904
21,2222253 -4,000989776
10,802268 -5,853437856
12,3663516 -6,143519424
11,3454287 -7,013927424
11,8171255 -6,55560864
20,2842528 -5,347048
21,8864476 -3,834478816
12,2015253 -2,719173184
12,0087285 -6,05609984
20,7332286 -3,588521664
10,6243462 -5,759212592
21,22686 -5,300536864
20,1553003 -3,867861424
11,5517117 -6,472321184
11,0251611 -4,342482368
20,7121852 -2,490927264
20,762872 -4,509504384
11,6862423 -4,774911008
11,5240684 -5,653454912
11,1778153 -7,680520064
20,2333261 -4,934861344
20,7842002 -5,344801504
11,3663354 -4,710749792
21,8772072 -2,496178272
20,8022646 -3,060096032
20,3503826 -2,663212608
12,2477645 -4,175894352
20,5751241 -3,677073456
21,0230247 -4,902523808
11,3377727 -2,544666096
12,022266 -6,01029576
11,5525258 -6,08581792
11,2030223 -5,46417256
20,3662386 -4,265218272
11,8524322 -7,19336072
10,2211844 -8,033286464
12,0472585 -6,197219392
11,5085328 -6,769404544
20,6157042 -3,385616976
11,6672132 -5,7593984
12,252624 -6,243647424
21,1151478 -3,833392976
21,4272235 -3,382625792
12,2012144 -2,50669832
11,1445752 -4,755777712
20,5473875 -4,731263824
11,7541643 -7,543446624
21,14262 -3,907204784
11,4475412 -6,728093344
11,2232227 -5,717013344
20,4055513 -3,123256304
21,7202536 -4,327984192
20,712886 -3,66479512
20,3450575 -3,596601792
21,1058578 -5,129949888
11,8622713 -5,198270224
12,3217812 -4,6158672
21,2453234 -3,363105424
21,0552768 -4,50604
21,2327277 -3,386014464
11,254726 -4,774355712
11,8101478 -4,729331712
12,2015738 -7,232118544
12,1662242 -5,893529936
21,8461387 -5,10564936
20,7102226 -2,986170432
11,4181341 -7,289014656
20,6136134 -2,938009424
21,3178614 -3,950525152
10,3877217 -7,325032064
52,6318772 -6,132319424
11,1465727 -5,244984864
21,2706117 -2,017157744
11,7285474 -5,283333664
20,222062 -4,055548896
20,4285772 -2,935236864
10,8064811 -7,50681792
11,1277588 -5,281439072
11,7722227 -7,036361584
11,3787385 -5,9223472
20,7725764 -3,961090224
11,5020172 -6,182476832
11,5032812 -5,898040736
11,2051777 -3,638261536
20,2277224 -3,011054144
11,3241008 -4,734673104
12,8477043 -6,900815264
20,5112642 -3,451101472
20,3845484 -2,497611424
12,15322 -5,44601344
20,7685112 -3,948811776
21,0681248 -2,557552032
11,4105234 -7,536268992
11,221222 -6,296940832
11,1541722 -5,898219936
11,8052207 -3,185036176
20,8820432 -56,99145066
11,3120486 -6,471194352
11,1062502 -5,073734624
20,2084222 -4,003555024
20,8210511 -3,138028656
12,7133502 -7,063083328
12,1331823 -7,589300544
21,7022312 -3,922724624
11,7725323 -6,300360976
11,3647544 -4,670440544
10,7631217 -4,720640288
11,2825424 -6,054752032
20,6454187 -3,024977312
20,3833844 -2,591862
11,5425421 -6,018030144
11,7120367 -7,022672944
20,534437 -3,659301744
12,1147472 -5,774225632
20,8645533 -2,473937312
20,2751385 -4,715425456
21,778412 -1,841650832
11,812406 -5,154322656
20,6062462 -1,316082432
11,2074345 -4,785616416
21,3711522 -6,117501712
11,022048 -6,107203424
